7491 1213 2133 2652 7550 4008
1972 2881
7055 7447
3035 6904 1134 6161 138 6129 4078 4010 6499 3941 6858 6643 5437 997 3047 2715 34 5099 3015 1218 1939 4461 4098 5781 4904 7576 1662 7100 4220 231 1483 265 7415 2582 1269 4876 2771 3001 6761 577 2191 1735 2936 716 3840 4096 4362 1076 3578 5903 5193 2874 4385 3759 3659 1873 3162 4240 395 4413 5454 2075 3672 2544 7146 1283 5122 763 5465 4793 4395 3146 693 6318 7491 6630 411 4197 238 7574 7515 6544 7304 6144 3142 5317 4305 1863 6925 611 4157 106
3594 6207 2871 1146 2610 530 5738 5922 301 3753 563 2638
6008 5122 978 1593 993 1511 3941 1252 1216 3874 7017 4594 7506 2610 6069 5385 4904 3900 7482 3840 4220 4708 1483
1690 614
4828 373 4918 2285 0
4504 3227 2805 5922 3540 6345 5767
6213 4481 2931 7332 4932
434 6207 7599 2113 5666 4897 7080 6776 5523 5411 2430 3607 1055 2411 1589 1649 1252 301 7350 7463 543 3657 3555 6092 1884 5404 2931 6107 3861 6483 5578 2183 5347 5807 1674 4746 4252 7478 582 5138 5505 530 25 4153 3718 1301 3423 4093
7395 1511 7017 1806
2404 2066 3021 1035 1723 4022 5621 2931 4129 2097 2257 4153 3718 2633 5787 4602 1556
4911 5640 3851 3414 2809 6028 4332 5892 6494 1287 6413 6555 1885 1014 2268 5656 6202 6329 6877 4750 1279 1708 3289 2374 6001 1876 1521 4586 6419 7135 817 6997 3556 4254 4150 2301 6111 7336 3653 5684 7510 1726 1321 3379 1718 3991 1358 5145 982 341 7640 1351 4498 7654 742 3068 4792 7628 295 7182 1113 6733 2863 4478 4704 7122 3582 7390 7564 541 4058 7590 2976 2493 4668 5673 641 2271 5649 7243 7378 4292 1398 1579 689 7195 7276 4045 1831 365 1728 6955 1689 1697 1326 3534 6265 4854 4037 5749 3054 2992 5317 5909 1021 1450 2837 4634 3386 3399 4839 2044 6075 1766 6262 1461
988 4712 2824 6207 1315 5999 319 2187 4897 2795 5090 4869 7554 5367 3428 5732 4504 5648 6499 353 1649 496 5720 4018 3197 102 3305 5621 4481 1394 1629 21 1218 5787 2424 4203 7478 3768 1532 3009 2383 5510 530 3966 2299 838 4960 4153 1499 4432 7476 4257 366 4093 682 3625 816 5855 2225 5461 4355 5953 826 5762 1055 4067 1152 3622 3954 6723 6638 6403 7124 3242 6542 3666 6226 6334 4932 2872 3742 6899 7505 2351 2931 6712 3215 2111 5982 3676 4252 3792 3572 6268 5069 5922 3293 5919 3732 1130 1386 2511 1081 3440 4177 4531 5472 6 1657 7208 2353 4115 2041 467 2113 7581 4735 1126 7080 5996 2056 4219 706 5867 1515 3230 2430 6599 7139 2874 3140 6079 6619 2167 2622 4535 6670 5353 6316 7626 3477 3657 6091 4553 2255 2 4296 7340 2597 4400 5578 2616 288 7250 389 3036 500 7431 6882 1442 2388 6210 3883 7158 4086 7189 3470 2879 3725 2871 5636 5029 6414 6423 6447 5411 421 806 7155 4955 238 6928 1988 1286 2832 1589 3767 1252 6654 7350 4242 442 2632 1091 4905 427 6500 2347 4186 1185 2066 7293 1723 4229 3348 847 1958 1529 2133 5320 2663 1182 1517 2183 1741 3889 5962 6838 1890 7532 5339 6943 1336 5638 6839 2642 5309 6220 3155 3718 592 5169 516
1708 6927 4658 4911 4292 1007 1777 4042 689 742 3068 3851 7628 6866 3414 1503 7542 4586 6028 4045 1831 4332 5934 5898 4478 6555 3351 1078 5526 7122 6494 521 7270 3556 3457 1932 5375 1287 3990 5121 3566 7564 5749 541 2507 4479 6111 3653 2992 6545 5733 5625 2837 5909 7510 321 4061 6836 7575 7268 3399 1885 4839 1014 4397 3925 3991 3473 6202 1061 6262 1461 4750 3295 5145 4590
6273 291 5607 3441 1551 6584 6436 6792 4240 5227 784 5689 4687
7075 5569 3098 611 6833
191 6568 6087 4348 4481 1833 6639 4114 934 7260 154 4075
3640 4138 4897 1556 7554 3363 5758 2221 1823 2832 1589 4214 3242 3304 269 5353 1475 7550 3477 1802 5419 3456 2066 2255 1319 4511 3255 5768 2931 5199 822 4508 7241 5848 7572 2086 4153 5919 6974 452 4829 265
7417 2633 2300
1797 3725 816 4179 5394 159 7573 3669 6889 7055 6167 6414 7554 4219 3838 5411 3363 5322 5648 441 4067 3954 3767 5405 301 3315 6542 2246 6500 6276 2635 1822 4481 5734 1525 4606 4426 6483 1391 5787 2185 2111 1141 2052 2857 6615 3139 5544 6849 3200 3651 4153 4220 493 1130 6184 7657
1254 806 3946
461 5486 5941 610
5305 2740 5000
7233 2946
336 6789 6206 5708 6851 5764 1490 3791 5756 145 6554
2977 7385
2552 5708 3272 4494 5927
